python  gauss.py

==============================

==============================

n = 5

Matrix A: [[1.0, 0.5, 0.3333333333333333, 0.25, 0.2], [0.5, 0.3333333333333333, 0.25, 0.2, 0.16666666666666666], [0.3333333333333333, 0.25, 0.2, 0.16666666666666666, 0.14285714285714285], [0.25, 0.2, 0.16666666666666666, 0.14285714285714285, 0.125], [0.2, 0.16666666666666666, 0.14285714285714285, 0.125, 0.1111111111111111]]

Vector b: [2.283333333333333, 1.45, 1.0928571428571427, 0.8845238095238095, 0.7456349206349207]

Solution: [0.9999999999999655, 1.0000000000005238, 0.9999999999980628, 1.0000000000025913, 0.9999999999988525]

==============================

==============================

n = 10

Matrix A: [[1.0, 0.5, 0.3333333333333333, 0.25, 0.2, 0.16666666666666666, 0.14285714285714285, 0.125, 0.1111111111111111, 0.1], [0.5, 0.3333333333333333, 0.25, 0.2, 0.16666666666666666, 0.14285714285714285, 0.125, 0.1111111111111111, 0.1, 0.09090909090909091], [0.3333333333333333, 0.25, 0.2, 0.16666666666666666, 0.14285714285714285, 0.125, 0.1111111111111111, 0.1, 0.09090909090909091, 0.08333333333333333], [0.25, 0.2, 0.16666666666666666, 0.14285714285714285, 0.125, 0.1111111111111111, 0.1, 0.09090909090909091, 0.08333333333333333, 0.07692307692307693], [0.2, 0.16666666666666666, 0.14285714285714285, 0.125, 0.1111111111111111, 0.1, 0.09090909090909091, 0.08333333333333333, 0.07692307692307693, 0.07142857142857142], [0.16666666666666666, 0.14285714285714285, 0.125, 0.1111111111111111, 0.1, 0.09090909090909091, 0.08333333333333333, 0.07692307692307693, 0.07142857142857142, 0.06666666666666667], [0.14285714285714285, 0.125, 0.1111111111111111, 0.1, 0.09090909090909091, 0.08333333333333333, 0.07692307692307693, 0.07142857142857142, 0.06666666666666667, 0.0625], [0.125, 0.1111111111111111, 0.1, 0.09090909090909091, 0.08333333333333333, 0.07692307692307693, 0.07142857142857142, 0.06666666666666667, 0.0625, 0.058823529411764705], [0.1111111111111111, 0.1, 0.09090909090909091, 0.08333333333333333, 0.07692307692307693, 0.07142857142857142, 0.06666666666666667, 0.0625, 0.058823529411764705, 0.05555555555555555], [0.1, 0.09090909090909091, 0.08333333333333333, 0.07692307692307693, 0.07142857142857142, 0.06666666666666667, 0.0625, 0.058823529411764705, 0.05555555555555555, 0.05263157894736842]]

Vector b: [2.9289682539682538, 2.019877344877345, 1.603210678210678, 1.3468004218004217, 1.1682289932289933, 1.0348956598956598, 0.9307289932289933, 0.8466953797836151, 0.7772509353391707, 0.718771403175428]

Solution: [1.0000000016905526, 0.9999998559243117, 1.0000030376113902, 0.9999726020273112, 1.0001298625448265, 0.9996448446698899, 1.000580197520724, 0.9994413517524923, 1.0002923651596363, 0.9999358800248394]

==============================

==============================

n = 20

Matrix A: [[1.0, 0.5, 0.3333333333333333, 0.25, 0.2, 0.16666666666666666, 0.14285714285714285, 0.125, 0.1111111111111111, 0.1, 0.09090909090909091, 0.08333333333333333, 0.07692307692307693, 0.07142857142857142, 0.06666666666666667, 0.0625, 0.058823529411764705, 0.05555555555555555, 0.05263157894736842, 0.05], [0.5, 0.3333333333333333, 0.25, 0.2, 0.16666666666666666, 0.14285714285714285, 0.125, 0.1111111111111111, 0.1, 0.09090909090909091, 0.08333333333333333, 0.07692307692307693, 0.07142857142857142, 0.06666666666666667, 0.0625, 0.058823529411764705, 0.05555555555555555, 0.05263157894736842, 0.05, 0.047619047619047616], [0.3333333333333333, 0.25, 0.2, 0.16666666666666666, 0.14285714285714285, 0.125, 0.1111111111111111, 0.1, 0.09090909090909091, 0.08333333333333333, 0.07692307692307693, 0.07142857142857142, 0.06666666666666667, 0.0625, 0.058823529411764705, 0.05555555555555555, 0.05263157894736842, 0.05, 0.047619047619047616, 0.045454545454545456], [0.25, 0.2, 0.16666666666666666, 0.14285714285714285, 0.125, 0.1111111111111111, 0.1, 0.09090909090909091, 0.08333333333333333, 0.07692307692307693, 0.07142857142857142, 0.06666666666666667, 0.0625, 0.058823529411764705, 0.05555555555555555, 0.05263157894736842, 0.05, 0.047619047619047616, 0.045454545454545456, 0.043478260869565216], [0.2, 0.16666666666666666, 0.14285714285714285, 0.125, 0.1111111111111111, 0.1, 0.09090909090909091, 0.08333333333333333, 0.07692307692307693, 0.07142857142857142, 0.06666666666666667, 0.0625, 0.058823529411764705, 0.05555555555555555, 0.05263157894736842, 0.05, 0.047619047619047616, 0.045454545454545456, 0.043478260869565216, 0.041666666666666664], [0.16666666666666666, 0.14285714285714285, 0.125, 0.1111111111111111, 0.1, 0.09090909090909091, 0.08333333333333333, 0.07692307692307693, 0.07142857142857142, 0.06666666666666667, 0.0625, 0.058823529411764705, 0.05555555555555555, 0.05263157894736842, 0.05, 0.047619047619047616, 0.045454545454545456, 0.043478260869565216, 0.041666666666666664, 0.04], [0.14285714285714285, 0.125, 0.1111111111111111, 0.1, 0.09090909090909091, 0.08333333333333333, 0.07692307692307693, 0.07142857142857142, 0.06666666666666667, 0.0625, 0.058823529411764705, 0.05555555555555555, 0.05263157894736842, 0.05, 0.047619047619047616, 0.045454545454545456, 0.043478260869565216, 0.041666666666666664, 0.04, 0.038461538461538464], [0.125, 0.1111111111111111, 0.1, 0.09090909090909091, 0.08333333333333333, 0.07692307692307693, 0.07142857142857142, 0.06666666666666667, 0.0625, 0.058823529411764705, 0.05555555555555555, 0.05263157894736842, 0.05, 0.047619047619047616, 0.045454545454545456, 0.043478260869565216, 0.041666666666666664, 0.04, 0.038461538461538464, 0.037037037037037035], [0.1111111111111111, 0.1, 0.09090909090909091, 0.08333333333333333, 0.07692307692307693, 0.07142857142857142, 0.06666666666666667, 0.0625, 0.058823529411764705, 0.05555555555555555, 0.05263157894736842, 0.05, 0.047619047619047616, 0.045454545454545456, 0.043478260869565216, 0.041666666666666664, 0.04, 0.038461538461538464, 0.037037037037037035, 0.03571428571428571], [0.1, 0.09090909090909091, 0.08333333333333333, 0.07692307692307693, 0.07142857142857142, 0.06666666666666667, 0.0625, 0.058823529411764705, 0.05555555555555555, 0.05263157894736842, 0.05, 0.047619047619047616, 0.045454545454545456, 0.043478260869565216, 0.041666666666666664, 0.04, 0.038461538461538464, 0.037037037037037035, 0.03571428571428571, 0.034482758620689655], [0.09090909090909091, 0.08333333333333333, 0.07692307692307693, 0.07142857142857142, 0.06666666666666667, 0.0625, 0.058823529411764705, 0.05555555555555555, 0.05263157894736842, 0.05, 0.047619047619047616, 0.045454545454545456, 0.043478260869565216, 0.041666666666666664, 0.04, 0.038461538461538464, 0.037037037037037035, 0.03571428571428571, 0.034482758620689655, 0.03333333333333333], [0.08333333333333333, 0.07692307692307693, 0.07142857142857142, 0.06666666666666667, 0.0625, 0.058823529411764705, 0.05555555555555555, 0.05263157894736842, 0.05, 0.047619047619047616, 0.045454545454545456, 0.043478260869565216, 0.041666666666666664, 0.04, 0.038461538461538464, 0.037037037037037035, 0.03571428571428571, 0.034482758620689655, 0.03333333333333333, 0.03225806451612903], [0.07692307692307693, 0.07142857142857142, 0.06666666666666667, 0.0625, 0.058823529411764705, 0.05555555555555555, 0.05263157894736842, 0.05, 0.047619047619047616, 0.045454545454545456, 0.043478260869565216, 0.041666666666666664, 0.04, 0.038461538461538464, 0.037037037037037035, 0.03571428571428571, 0.034482758620689655, 0.03333333333333333, 0.03225806451612903, 0.03125], [0.07142857142857142, 0.06666666666666667, 0.0625, 0.058823529411764705, 0.05555555555555555, 0.05263157894736842, 0.05, 0.047619047619047616, 0.045454545454545456, 0.043478260869565216, 0.041666666666666664, 0.04, 0.038461538461538464, 0.037037037037037035, 0.03571428571428571, 0.034482758620689655, 0.03333333333333333, 0.03225806451612903, 0.03125, 0.030303030303030304], [0.06666666666666667, 0.0625, 0.058823529411764705, 0.05555555555555555, 0.05263157894736842, 0.05, 0.047619047619047616, 0.045454545454545456, 0.043478260869565216, 0.041666666666666664, 0.04, 0.038461538461538464, 0.037037037037037035, 0.03571428571428571, 0.034482758620689655, 0.03333333333333333, 0.03225806451612903, 0.03125, 0.030303030303030304, 0.029411764705882353], [0.0625, 0.058823529411764705, 0.05555555555555555, 0.05263157894736842, 0.05, 0.047619047619047616, 0.045454545454545456, 0.043478260869565216, 0.041666666666666664, 0.04, 0.038461538461538464, 0.037037037037037035, 0.03571428571428571, 0.034482758620689655, 0.03333333333333333, 0.03225806451612903, 0.03125, 0.030303030303030304, 0.029411764705882353, 0.02857142857142857], [0.058823529411764705, 0.05555555555555555, 0.05263157894736842, 0.05, 0.047619047619047616, 0.045454545454545456, 0.043478260869565216, 0.041666666666666664, 0.04, 0.038461538461538464, 0.037037037037037035, 0.03571428571428571, 0.034482758620689655, 0.03333333333333333, 0.03225806451612903, 0.03125, 0.030303030303030304, 0.029411764705882353, 0.02857142857142857, 0.027777777777777776], [0.05555555555555555, 0.05263157894736842, 0.05, 0.047619047619047616, 0.045454545454545456, 0.043478260869565216, 0.041666666666666664, 0.04, 0.038461538461538464, 0.037037037037037035, 0.03571428571428571, 0.034482758620689655, 0.03333333333333333, 0.03225806451612903, 0.03125, 0.030303030303030304, 0.029411764705882353, 0.02857142857142857, 0.027777777777777776, 0.02702702702702703], [0.05263157894736842, 0.05, 0.047619047619047616, 0.045454545454545456, 0.043478260869565216, 0.041666666666666664, 0.04, 0.038461538461538464, 0.037037037037037035, 0.03571428571428571, 0.034482758620689655, 0.03333333333333333, 0.03225806451612903, 0.03125, 0.030303030303030304, 0.029411764705882353, 0.02857142857142857, 0.027777777777777776, 0.02702702702702703, 0.02631578947368421], [0.05, 0.047619047619047616, 0.045454545454545456, 0.043478260869565216, 0.041666666666666664, 0.04, 0.038461538461538464, 0.037037037037037035, 0.03571428571428571, 0.034482758620689655, 0.03333333333333333, 0.03225806451612903, 0.03125, 0.030303030303030304, 0.029411764705882353, 0.02857142857142857, 0.027777777777777776, 0.02702702702702703, 0.02631578947368421, 0.02564102564102564]]

Vector b: [3.597739657143682, 2.6453587047627294, 2.190813250217275, 1.900958177753507, 1.6926248444201735, 1.5326248444201735, 1.4044197162150454, 1.2985996103949395, 1.2093138961092251, 1.1326855436188037, 1.066018876952137, 1.0073678505591752, 0.9552845172258418, 0.9086644706057952, 0.8666476638831062, 0.8285524257878681, 0.7938302035656458, 0.7620337011809082, 0.7327939350990369, 0.7058033817926941]

Solution: [0.999999852812192, 1.000023279723863, 0.9991001569249142, 1.0147527965992307, 0.874033959651196, 1.6101714674468766, -0.6885604177365461, 3.3826679001441837, 0.21398906561933131, 0.10039133155219121, -3.364597798788821, 15.164367069335192, -12.577160477055315, 3.129043898266178, 4.677477386879872, -3.3653675631993023, 11.68944305188039, -13.730675377958871, 9.826845617707, -0.9559453364802659]